0
6
13
19
25
31
38
44
50
56
63
69
75
81
87
93
99
105
111
117
123
129
135
141
146
152
158
163
169
175
180
185
191
196
201
206
212
217
222
227
231
236
241
246
250
255
259
263
268
272
276
280
284
288
291
295
298
302
305
309
312
315
318
321
324
326
329
331
334
336
338
340
342
344
346
348
349
351
352
353
355
356
356
357
358
359
359
360
360
360
360
360
360
360
359
359
358
357
356
356
355
353
352
351
349
348
346
344
342
340
338
336
334
331
329
326
324
321
318
315
312
309
305
302
298
295
291
288
284
280
276
272
268
263
259
255
250
246
241
236
231
227
222
217
212
206
201
196
191
185
180
175
169
163
158
152
146
141
135
129
123
117
111
105
99
93
87
81
75
69
63
56
50
44
38
31
25
19
13
6
0
-6
-13
-19
-25
-31
-38
-44
-50
-56
-63
-69
-75
-81
-87
-93
-99
-105
-111
-117
-123
-129
-135
-141
-146
-152
-158
-163
-169
-175
-180
-185
-191
-196
-201
-206
-212
-217
-222
-227
-231
-236
-241
-246
-250
-255
-259
-263
-268
-272
-276
-280
-284
-288
-291
-295
-298
-302
-305
-309
-312
-315
-318
-321
-324
-326
-329
-331
-334
-336
-338
-340
-342
-344
-346
-348
-349
-351
-352
-353
-355
-356
-356
-357
-358
-359
-359
-360
-360
-360
-360
-360
-360
-360
-359
-359
-358
-357
-356
-356
-355
-353
-352
-351
-349
-348
-346
-344
-342
-340
-338
-336
-334
-331
-329
-326
-324
-321
-318
-315
-312
-309
-305
-302
-298
-295
-291
-288
-284
-280
-276
-272
-268
-263
-259
-255
-250
-246
-241
-236
-231
-227
-222
-217
-212
-206
-201
-196
-191
-185
-180
-175
-169
-163
-158
-152
-146
-141
-135
-129
-123
-117
-111
-105
-99
-93
-87
-81
-75
-69
-63
-56
-50
-44
-38
-31
-25
-19
-13
-6
0